90.9	      0.00000e-1	
93.5	      0.00000e-1	
96.1	      0.00000e-1	
97.7	      0.00000e-1	
99.6	      0.00000e-1	
102.0	      0.00000e-1	
103.8	      0.00000e-1	
105.6	      0.00000e-1	
107.7	      0.00000e-1	
110.4	      0.00000e-1	
114.0	      0.00000e-1	
117.8	      0.00000e-1	
121.3	      0.00000e-1	
124.8	      0.00000e-1	
127.1	      0.00000e-1	
128.4	      0.00000e-1	
130.5	      0.00000e-1	
132.4	      0.00000e-1	
133.9	      0.00000e-1	
136.6	      0.00000e-1	
139.8	      0.00000e-1	
143.3	      0.00000e-1	
147.2	      0.00000e-1	
151.0	      0.00000e-1	
155.2	      0.00000e-1	
158.8	      0.00000e-1	
162.0	      0.00000e-1	
166.0	      0.00000e-1	
170.3	      0.00000e-1	
173.4	      0.00000e-1	
176.8	      0.00000e-1	
180.2	      0.00000e-1	
181.7	      0.00000e-1	
186.1	      0.00000e-1	
191.0	      0.00000e-1	
193.9	      0.00000e-1	
198.4	      0.00000e-1	
201.8	      0.00000e-1	
205.0	      0.00000e-1	
210.5	      0.00000e-1	
216.2	      0.00000e-1	
219.8	      0.00000e-1	
223.0	      0.00000e-1	
226.8	      0.00000e-1	
230.0	      0.00000e-1	
234.0	      0.00000e-1	
240.0	      0.00000e-1	
246.5	      0.00000e-1	
252.4	      0.00000e-1	
256.8	      0.00000e-1	
260.0	      0.00000e-1	
264.0	      0.00000e-1	
268.5	      0.00000e-1	
273.5	     3.63468e-23	
278.5	     1.71637e-22	
284.0	     7.85540e-22	
290.0	     3.78797e-21	
296.0	     1.70968e-20	
301.0	     5.74987e-20	
308.0	     2.94410e-19	
318.0	     2.68753e-18	
328.0	     2.14891e-17	
338.0	     1.52055e-16	
348.0	     9.62637e-16	
357.0	     4.63845e-15	
366.0	     2.07025e-14	
375.0	     8.59013e-14	
385.0	     3.85944e-13	
395.0	     1.60481e-12	
405.0	     6.21350e-12	
414.0	     1.98489e-11	
422.0	     5.34218e-11	
430.0	     1.38432e-10	
441.0	     4.84102e-10	
451.0	      1.43012e-9	
460.0	      3.63681e-9	
470.0	      9.82399e-9	
480.0	      2.54244e-8	
490.0	      6.32328e-8	
500.0	      1.51385e-7	
506.0	      2.75224e-7	
512.0	      4.66903e-7	
520.0	      8.79297e-7	
530.0	      1.89143e-6	
540.0	      3.93061e-6	
550.0	      7.98494e-6	
560.0	      1.57612e-5	
570.0	      3.03531e-5	
580.0	      5.69666e-5	
590.0	      1.05012e-4	
600.0	      1.89066e-4	
610.0	      3.33579e-4	
620.0	      5.77277e-4	
630.0	      9.80789e-4	
640.0	      1.63790e-3	
650.0	      2.69034e-3	
658.0	      3.95540e-3	
665.0	      5.49687e-3	
675.0	      8.68598e-3	
685.0	      1.35317e-2	
695.0	      2.07940e-2	
705.0	      3.15391e-2	
716.0	      4.91783e-2	
726.0	      7.27264e-2	
735.0	      1.02407e-1	
745.0	      1.48228e-1	
755.0	      2.12295e-1	
765.0	      3.00986e-1	
775.0	      4.22683e-1	
785.0	      5.88028e-1	
795.0	      8.10474e-1	
805.0	      1.10782e+0	
815.0	      1.50142e+0	
825.0	      2.01853e+0	
835.0	      2.69300e+0	
845.0	      3.56663e+0	
855.0	      4.68917e+0	
865.0	      6.12203e+0	
875.0	      7.93931e+0	
885.0	      1.02304e+1	
895.0	      1.31005e+1	
905.0	      1.66736e+1	
915.0	      1.75202e+2	
925.0	      1.27995e+3	
935.0	      2.21817e+3	
945.0	      3.85677e+3	
955.0	      5.66815e+3	
965.0	      7.50123e+3	
975.0	      6.07128e+3	
985.0	      1.08170e+4	
995.0	      1.19828e+4	
1005.0	      1.47831e+4	
1015.0	      1.61037e+4	
1025.0	      1.10198e+4	
1035.0	      2.06560e+4	
1045.0	      2.58030e+4	
1055.0	      2.96727e+4	
1065.0	      3.26558e+4	
1075.0	      3.82493e+4	
1085.0	      4.31668e+4	
1095.0	      4.69286e+4	
1105.0	      1.33105e+5	
1115.0	      5.33661e+6	
1125.0	      8.30809e+6	
1135.0	      1.07674e+7	
1145.0	      9.18588e+6	
1155.0	      8.69428e+6	
1165.0	      6.74977e+6	
1175.0	      3.00593e+6	
1185.0	      1.71020e+6	
1195.0	      1.45149e+5	
1205.0	      1.10459e+5	
1215.0	      2.81025e+4	
1225.0	      1.16193e+5	
1235.0	      2.51791e+5	
1245.0	      7.64579e+5	
1255.0	      7.12978e+6	
1265.0	      1.40778e+7	
1275.0	      3.34245e+7	
1285.0	      5.53108e+7	
1295.0	      6.14239e+7	
1305.0	      4.15326e+7	
1315.0	      7.29398e+7	
1325.0	      8.51321e+7	
1335.0	      8.41955e+7	
1345.0	      1.02368e+8	
1355.0	      9.55621e+7	
1365.0	      8.70420e+7	
1375.0	      9.34759e+7	
1385.0	      8.84819e+7	
1395.0	      9.14073e+7	
1405.0	      1.01891e+8	
1415.0	      1.01995e+8	
1425.0	      1.10691e+8	
1435.0	      1.00142e+8	
1442.0	      1.12822e+8	
1447.0	      1.20361e+8	
1455.0	      1.21748e+8	
1465.0	      1.11763e+8	
1475.0	      1.07750e+8	
1485.0	      1.11820e+8	
1495.0	      1.19477e+8	
1505.0	      1.21224e+8	
1512.0	      1.12537e+8	
1517.0	      1.20833e+8	
1525.0	      1.14019e+8	
1535.0	      1.12460e+8	
1545.0	      1.22950e+8	
1555.0	      1.06195e+8	
1565.0	      9.30157e+7	
1575.0	      1.08835e+8	
1585.0	      1.18808e+8	
1595.0	      1.25630e+8	
1605.0	      1.18720e+8	
1615.0	      1.18193e+8	
1625.0	      1.07243e+8	
1635.0	      1.11613e+8	
1645.0	      1.19187e+8	
1655.0	      9.85073e+7	
1665.0	      1.17315e+8	
1672.0	      9.08005e+7	
1677.0	      1.09893e+8	
1685.0	      1.20301e+8	
1695.0	      1.10457e+8	
1705.0	      1.07357e+8	
1715.0	      1.08775e+8	
1725.0	      1.06958e+8	
1735.0	      1.12102e+8	
1745.0	      1.08840e+8	
1755.0	      1.16937e+8	
1765.0	      1.02105e+8	
1775.0	      1.12702e+8	
1785.0	      1.11296e+8	
1795.0	      1.18935e+8	
1805.0	      1.13186e+8	
1815.0	      1.12319e+8	
1825.0	      1.07611e+8	
1835.0	      1.05500e+8	
1845.0	      9.84318e+7	
1855.0	      1.02451e+8	
1865.0	      1.02843e+8	
1875.0	      1.06500e+8	
1885.0	      1.05926e+8	
1895.0	      1.04482e+8	
1905.0	      9.99382e+7	
1915.0	      1.03006e+8	
1925.0	      1.03718e+8	
1935.0	      1.00868e+8	
1945.0	      1.05888e+8	
1955.0	      1.04325e+8	
1967.0	      1.05996e+8	
1976.0	      1.03740e+8	
1984.0	      1.01546e+8	
1995.0	      9.91135e+7	
2005.0	      9.75369e+7	
2015.0	      9.38896e+7	
2025.0	      9.36537e+7	
2035.0	      9.59288e+7	
2045.0	      9.80195e+7	
2055.0	      9.39634e+7	
2065.0	      9.28346e+7	
2074.0	      9.60859e+7	
2078.0	      9.80981e+7	
2085.0	      9.72497e+7	
2095.0	      9.39975e+7	
2105.0	      9.23670e+7	
2115.0	      9.21607e+7	
2125.0	      9.25885e+7	
2135.0	      8.19111e+7	
2145.0	      8.95762e+7	
2155.0	      8.96472e+7	
2165.0	      8.57991e+7	
2175.0	      8.46455e+7	
2185.0	      8.47249e+7	
2195.0	      8.88807e+7	
2205.0	      8.54495e+7	
2215.0	      7.93587e+7	
2225.0	      7.86089e+7	
2235.0	      8.56975e+7	
2245.0	      7.84626e+7	
2255.0	      7.71681e+7	
2265.0	      7.70832e+7	
2275.0	      8.13640e+7	
2285.0	      8.31714e+7	
2295.0	      7.84212e+7	
2305.0	      7.76007e+7	
2315.0	      7.57576e+7	
2325.0	      7.58112e+7	
2335.0	      7.32978e+7	
2345.0	      6.79983e+7	
2355.0	      7.48498e+7	
2365.0	      6.84459e+7	
2375.0	      7.18246e+7	
2385.0	      6.43052e+7	
2395.0	      6.94544e+7	
2405.0	      6.66439e+7	
2415.0	      6.79084e+7	
2425.0	      7.08344e+7	
2435.0	      6.77504e+7	
2445.0	      7.16339e+7	
2455.0	      6.91324e+7	
2465.0	      6.86720e+7	
2475.0	      6.61378e+7	
2485.0	      6.93402e+7	
2495.0	      6.71817e+7	
2505.0	      7.23378e+7	
2513.0	      6.70879e+7	
2518.0	      6.76356e+7	
2525.0	      6.37098e+7	
2535.0	      6.29034e+7	
2545.0	      6.30847e+7	
2555.0	      6.64238e+7	
2565.0	      6.61645e+7	
2575.0	      6.96403e+7	
2585.0	      6.96664e+7	
2595.0	      6.90185e+7	
2605.0	      6.63468e+7	
2615.0	      6.59450e+7	
2625.0	      6.81608e+7	
2635.0	      6.84255e+7	
2645.0	      7.36281e+7	
2655.0	      7.26682e+7	
2665.0	      6.85329e+7	
2675.0	      7.04063e+7	
2685.0	      7.05151e+7	
2695.0	      6.78196e+7	
2705.0	      6.86783e+7	
2715.0	      6.60880e+7	
2725.0	      6.63192e+7	
2735.0	      6.99248e+7	
2745.0	      6.22915e+7	
2755.0	      6.25946e+7	
2765.0	      6.45129e+7	
2775.0	      6.74881e+7	
2785.0	      6.64310e+7	
2795.0	      5.55785e+7	
2805.0	      6.04214e+7	
2815.0	      6.82840e+7	
2825.0	      6.82310e+7	
2835.0	      6.61288e+7	
2845.0	      6.42125e+7	
2855.0	      6.27882e+7	
2865.0	      6.53476e+7	
2875.0	      6.39733e+7	
2885.0	      6.52052e+7	
2895.0	      6.37038e+7	
2910.0	      6.77288e+7	
2930.0	      6.53506e+7	
2950.0	      6.50864e+7	
2970.0	      6.52846e+7	
2990.0	      6.52402e+7	
3010.0	      6.58356e+7	
3030.0	      6.52648e+7	
3050.0	      6.45819e+7	
3070.0	      6.37632e+7	
3090.0	      6.40725e+7	
3110.0	      6.29747e+7	
3130.0	      6.24761e+7	
3150.0	      6.27067e+7	
3170.0	      6.21955e+7	
3190.0	      6.04184e+7	
3210.0	      6.10719e+7	
3230.0	      6.00253e+7	
3250.0	      6.02163e+7	
3270.0	      6.02571e+7	
3290.0	      6.02922e+7	
3310.0	      6.01710e+7	
3330.0	      5.91209e+7	
3350.0	      5.81954e+7	
3370.0	      5.81570e+7	
3390.0	      5.75745e+7	
3410.0	      5.80122e+7	
3430.0	      5.76645e+7	
3450.0	      5.72888e+7	
3470.0	      5.66773e+7	
3490.0	      5.63700e+7	
3510.0	      5.63991e+7	
3530.0	      5.62363e+7	
3550.0	      5.59542e+7	
3570.0	      5.52137e+7	
3590.0	      5.48926e+7	
3610.0	      5.45664e+7	
3630.0	      5.42498e+7	
3640.0	      5.40289e+7	
3650.0	      5.45337e+7	
3670.0	      5.42486e+7	
3690.0	      5.22427e+7	
3710.0	      5.32548e+7	
3730.0	      5.44996e+7	
3750.0	      6.92889e+7	
3770.0	      7.45329e+7	
3790.0	      9.34711e+7	
3810.0	      1.10763e+8	
3830.0	      8.67417e+7	
3850.0	      1.22813e+8	
3870.0	      1.40425e+8	
3890.0	      7.40559e+7	
3910.0	      1.39048e+8	
3930.0	      1.46400e+8	
3950.0	      1.38209e+8	
3970.0	      7.06806e+7	
3990.0	      1.30901e+8	
4010.0	      1.45858e+8	
4030.0	      1.45270e+8	
4050.0	      1.43414e+8	
4070.0	      1.36613e+8	
4090.0	      1.03474e+8	
4110.0	      7.76316e+7	
4130.0	      1.28317e+8	
4150.0	      1.33882e+8	
4170.0	      1.32832e+8	
4190.0	      1.31526e+8	
4210.0	      1.29910e+8	
4230.0	      1.27398e+8	
4250.0	      1.25841e+8	
4270.0	      1.23545e+8	
4290.0	      1.21544e+8	
4310.0	      1.14633e+8	
4330.0	      8.35929e+7	
4350.0	      7.04803e+7	
4370.0	      1.09976e+8	
4390.0	      1.12616e+8	
4410.0	      1.12550e+8	
4430.0	      1.11683e+8	
4450.0	      1.10851e+8	
4470.0	      1.09322e+8	
4490.0	      1.06943e+8	
4510.0	      1.06442e+8	
4530.0	      1.04944e+8	
4550.0	      1.02842e+8	
4570.0	      1.02619e+8	
4590.0	      1.00865e+8	
4610.0	      1.00534e+8	
4630.0	      9.84719e+7	
4650.0	      9.79683e+7	
4670.0	      9.66645e+7	
4690.0	      9.50213e+7	
4710.0	      9.25672e+7	
4730.0	      9.30271e+7	
4750.0	      9.17746e+7	
4770.0	      9.04981e+7	
4790.0	      8.90887e+7	
4810.0	      8.70990e+7	
4830.0	      8.28312e+7	
4850.0	      6.29930e+7	
4870.0	      5.06176e+7	
4890.0	      7.77863e+7	
4910.0	      8.15699e+7	
4930.0	      8.10582e+7	
4950.0	      8.09350e+7	
4970.0	      8.02436e+7	
4990.0	      7.92840e+7	
5010.0	      7.77907e+7	
5030.0	      7.73908e+7	
5050.0	      7.61749e+7	
5070.0	      7.57129e+7	
5090.0	      7.48309e+7	
5110.0	      7.39375e+7	
5130.0	      7.30759e+7	
5150.0	      7.21388e+7	
5170.0	      7.06134e+7	
5190.0	      6.99934e+7	
5210.0	      6.96805e+7	
5230.0	      6.85520e+7	
5250.0	      6.81701e+7	
5270.0	      6.69350e+7	
5290.0	      6.66316e+7	
5310.0	      6.55922e+7	
5330.0	      6.49365e+7	
5350.0	      6.44479e+7	
5370.0	      6.36408e+7	
5390.0	      6.29567e+7	
5410.0	      6.21602e+7	
5430.0	      6.15357e+7	
5450.0	      6.09313e+7	
5470.0	      6.02487e+7	
5490.0	      5.96080e+7	
5510.0	      5.89503e+7	
5530.0	      5.82560e+7	
5550.0	      5.76975e+7	
5570.0	      5.70532e+7	
5590.0	      5.64407e+7	
5610.0	      5.58570e+7	
5630.0	      5.52646e+7	
5650.0	      5.46465e+7	
5670.0	      5.40589e+7	
5690.0	      5.35016e+7	
5710.0	      5.29412e+7	
5730.0	      5.23932e+7	
5750.0	      5.18233e+7	
5770.0	      5.12825e+7	
5790.0	      5.07345e+7	
5810.0	      5.02104e+7	
5830.0	      4.96870e+7	
5850.0	      4.91708e+7	
5870.0	      4.86054e+7	
5890.0	      4.79533e+7	
5910.0	      4.76532e+7	
5930.0	      4.71705e+7	
5950.0	      4.66528e+7	
5970.0	      4.61947e+7	
5990.0	      4.56917e+7	
6010.0	      4.52420e+7	
6030.0	      4.48034e+7	
6050.0	      4.43411e+7	
6070.0	      4.39061e+7	
6090.0	      4.34627e+7	
6110.0	      4.30244e+7	
6130.0	      4.25816e+7	
6150.0	      4.19895e+7	
6170.0	      4.17296e+7	
6190.0	      4.13405e+7	
6210.0	      4.09298e+7	
6230.0	      4.05170e+7	
6250.0	      4.00307e+7	
6270.0	      3.97363e+7	
6290.0	      3.93469e+7	
6310.0	      3.89397e+7	
6330.0	      3.85758e+7	
6350.0	      3.80116e+7	
6370.0	      3.77157e+7	
6390.0	      3.74588e+7	
6410.0	      3.70750e+7	
6430.0	      3.67237e+7	
6450.0	      3.62173e+7	
6470.0	      3.59100e+7	
6490.0	      3.54352e+7	
6510.0	      3.48560e+7	
6530.0	      3.36532e+7	
6550.0	      2.88441e+7	
6570.0	      2.32192e+7	
6590.0	      3.15954e+7	
6610.0	      3.30221e+7	
6630.0	      3.31145e+7	
6650.0	      3.29445e+7	
6670.0	      3.26924e+7	
6690.0	      3.24534e+7	
6710.0	      3.21866e+7	
6730.0	      3.18757e+7	
6750.0	      3.15894e+7	
6770.0	      3.13094e+7	
6790.0	      3.10216e+7	
6810.0	      3.07380e+7	
6830.0	      3.04493e+7	
6850.0	      3.01753e+7	
6870.0	      2.99049e+7	
6890.0	      2.96348e+7	
6910.0	      2.93656e+7	
6930.0	      2.90975e+7	
6950.0	      2.88390e+7	
6970.0	      2.85799e+7	
6990.0	      2.83264e+7	
7010.0	      2.80492e+7	
7030.0	      2.78175e+7	
7050.0	      2.75681e+7	
7070.0	      2.73295e+7	
7090.0	      2.70916e+7	
7110.0	      2.67754e+7	
7130.0	      2.66024e+7	
7150.0	      2.63691e+7	
7170.0	      2.61474e+7	
7190.0	      2.59169e+7	
7210.0	      2.56922e+7	
7230.0	      2.54652e+7	
7250.0	      2.52360e+7	
7270.0	      2.50303e+7	
7290.0	      2.48074e+7	
7310.0	      2.45929e+7	
7330.0	      2.43866e+7	
7350.0	      2.41802e+7	
7370.0	      2.39756e+7	
7390.0	      2.37667e+7	
7410.0	      2.35583e+7	
7430.0	      2.33382e+7	
7450.0	      2.31519e+7	
7470.0	      2.29302e+7	
7490.0	      2.27575e+7	
7510.0	      2.25751e+7	
7530.0	      2.23935e+7	
7550.0	      2.22096e+7	
7570.0	      2.20227e+7	
7590.0	      2.18394e+7	
7610.0	      2.16584e+7	
7630.0	      2.14771e+7	
7650.0	      2.12954e+7	
7670.0	      2.11166e+7	
7690.0	      2.09452e+7	
7710.0	      2.07688e+7	
7730.0	      2.06054e+7	
7750.0	      2.04358e+7	
7770.0	      1.99726e+7	
7790.0	      2.01042e+7	
7810.0	      1.99414e+7	
7830.0	      1.97733e+7	
7850.0	      1.96042e+7	
7870.0	      1.94129e+7	
7890.0	      1.92311e+7	
7910.0	      1.91333e+7	
7930.0	      1.89866e+7	
7950.0	      1.88054e+7	
7970.0	      1.86892e+7	
7990.0	      1.84511e+7	
8010.0	      1.83902e+7	
8030.0	      1.82421e+7	
8050.0	      1.80998e+7	
8070.0	      1.79535e+7	
8090.0	      1.78125e+7	
8110.0	      1.76732e+7	
8130.0	      1.75362e+7	
8150.0	      1.73986e+7	
8170.0	      1.72621e+7	
8190.0	      1.70892e+7	
8210.0	      1.70195e+7	
8230.0	      1.68879e+7	
8250.0	      1.67762e+7	
8270.0	      1.67046e+7	
8290.0	      1.65786e+7	
8310.0	      1.64656e+7	
8330.0	      1.63030e+7	
8350.0	      1.62212e+7	
8370.0	      1.60916e+7	
8390.0	      1.59470e+7	
8410.0	      1.57988e+7	
8430.0	      1.56619e+7	
8450.0	      1.54164e+7	
8470.0	      1.51851e+7	
8490.0	      1.53472e+7	
8510.0	      1.46702e+7	
8530.0	      1.52565e+7	
8550.0	      1.38885e+7	
8570.0	      1.53406e+7	
8590.0	      1.41935e+7	
8610.0	      1.38384e+7	
8630.0	      1.54411e+7	
8650.0	      1.46765e+7	
8670.0	      1.22212e+7	
8690.0	      1.50246e+7	
8710.0	      1.56544e+7	
8730.0	      1.48675e+7	
8750.0	      1.16042e+7	
8770.0	      1.40155e+7	
8790.0	      1.55409e+7	
8810.0	      1.57175e+7	
8830.0	      1.52182e+7	
8850.0	      1.32135e+7	
8870.0	      1.11400e+7	
8890.0	      1.42656e+7	
8910.0	      1.51241e+7	
8930.0	      1.52445e+7	
8950.0	      1.52103e+7	
8970.0	      1.48818e+7	
8990.0	      1.39365e+7	
9010.0	      1.08898e+7	
9030.0	      1.19102e+7	
9050.0	      1.39708e+7	
9070.0	      1.43214e+7	
9090.0	      1.42954e+7	
9110.0	      1.43975e+7	
9130.0	      1.43498e+7	
9150.0	      1.42251e+7	
9170.0	      1.40058e+7	
9190.0	      1.35626e+7	
9210.0	      1.23251e+7	
9230.0	      9.52782e+6	
9250.0	      1.17969e+7	
9270.0	      1.29074e+7	
9290.0	      1.33827e+7	
9310.0	      1.34130e+7	
9330.0	      1.33599e+7	
9350.0	      1.32886e+7	
9370.0	      1.32023e+7	
9390.0	      1.30769e+7	
9410.0	      1.28844e+7	
9430.0	      1.28904e+7	
9450.0	      1.27811e+7	
9470.0	      1.26381e+7	
9490.0	      1.24259e+7	
9510.0	      1.19859e+7	
9530.0	      1.07190e+7	
9550.0	      8.59724e+6	
9570.0	      1.08352e+7	
9590.0	      1.17286e+7	
9610.0	      1.19078e+7	
9630.0	      1.18572e+7	
9650.0	      1.18975e+7	
9670.0	      1.17782e+7	
9690.0	      1.17550e+7	
9710.0	      1.17066e+7	
9730.0	      1.16223e+7	
9750.0	      1.15374e+7	
9770.0	      1.14626e+7	
9790.0	      1.13804e+7	
9810.0	      1.12973e+7	
9830.0	      1.12116e+7	
9850.0	      1.11292e+7	
9870.0	      1.10494e+7	
9890.0	      1.09342e+7	
9910.0	      1.08752e+7	
9930.0	      1.07829e+7	
9950.0	      1.06943e+7	
9970.0	      1.05836e+7	
9990.0	      1.04197e+7	
10025.0	      9.29450e+6	
10075.0	      8.81351e+6	
10125.0	      9.95887e+6	
10175.0	      9.91363e+6	
10225.0	      9.78052e+6	
10275.0	      9.61776e+6	
10325.0	      9.45452e+6	
10375.0	      9.29710e+6	
10425.0	      9.14262e+6	
10475.0	      8.97624e+6	
10525.0	      8.83300e+6	
10575.0	      8.69173e+6	
10625.0	      8.55173e+6	
10675.0	      8.34715e+6	
10725.0	      8.24726e+6	
10775.0	      8.12222e+6	
10825.0	      7.96312e+6	
10875.0	      7.71135e+6	
10925.0	      6.42164e+6	
10975.0	      7.01601e+6	
11025.0	      7.42703e+6	
11075.0	      7.37118e+6	
11125.0	      7.27584e+6	
11175.0	      7.16624e+6	
11225.0	      7.05529e+6	
11275.0	      6.90602e+6	
11325.0	      6.80259e+6	
11375.0	      6.72806e+6	
11425.0	      6.62254e+6	
11475.0	      6.52777e+6	
11525.0	      6.42926e+6	
11575.0	      6.33111e+6	
11625.0	      6.22324e+6	
11675.0	      6.11451e+6	
11725.0	      6.04957e+6	
11775.0	      5.91979e+6	
11825.0	      5.85528e+6	
11875.0	      5.76573e+6	
11925.0	      5.69843e+6	
11975.0	      5.60285e+6	
12025.0	      5.52979e+6	
12075.0	      5.44609e+6	
12125.0	      5.36796e+6	
12175.0	      5.29272e+6	
12225.0	      5.21573e+6	
12275.0	      5.13832e+6	
12325.0	      5.06547e+6	
12375.0	      4.99409e+6	
12425.0	      4.92496e+6	
12475.0	      4.84947e+6	
12525.0	      4.78490e+6	
12575.0	      4.70977e+6	
12625.0	      4.64465e+6	
12675.0	      4.57172e+6	
12725.0	      4.48166e+6	
12775.0	      4.26197e+6	
12825.0	      3.64728e+6	
12875.0	      4.19125e+6	
12925.0	      4.24572e+6	
12975.0	      4.20747e+6	
13025.0	      4.16166e+6	
13075.0	      4.10590e+6	
13125.0	      4.04996e+6	
13175.0	      3.99084e+6	
13225.0	      3.94155e+6	
13275.0	      3.88882e+6	
13325.0	      3.83677e+6	
13375.0	      3.78560e+6	
13425.0	      3.73511e+6	
13475.0	      3.68523e+6	
13525.0	      3.63477e+6	
13575.0	      3.58801e+6	
13625.0	      3.54163e+6	
13675.0	      3.49441e+6	
13725.0	      3.44521e+6	
13775.0	      3.40474e+6	
13825.0	      3.36085e+6	
13875.0	      3.31828e+6	
13925.0	      3.27430e+6	
13975.0	      3.23335e+6	
14025.0	      3.19213e+6	
14075.0	      3.15163e+6	
14125.0	      3.11143e+6	
14175.0	      3.07206e+6	
14225.0	      3.03339e+6	
14275.0	      2.99516e+6	
14325.0	      2.95758e+6	
14375.0	      2.92100e+6	
14425.0	      2.87254e+6	
14475.0	      2.84859e+6	
14525.0	      2.80795e+6	
14570.0	      2.78193e+6	
14620.0	      2.74972e+6	
14675.0	      2.71550e+6	
14725.0	      2.68284e+6	
14775.0	      2.64815e+6	
14825.0	      2.61900e+6	
14875.0	      2.58525e+6	
14925.0	      2.55883e+6	
14975.0	      2.52766e+6	
15025.0	      2.49584e+6	
15075.0	      2.46705e+6	
15125.0	      2.43841e+6	
15175.0	      2.40863e+6	
15225.0	      2.38113e+6	
15275.0	      2.34861e+6	
15325.0	      2.31856e+6	
15375.0	      2.29617e+6	
15425.0	      2.25249e+6	
15475.0	      2.24095e+6	
15525.0	      2.21231e+6	
15575.0	      2.15294e+6	
15625.0	      2.18470e+6	
15675.0	      2.11452e+6	
15725.0	      2.06011e+6	
15775.0	      2.11989e+6	
15825.0	      2.08921e+6	
15875.0	      1.92449e+6	
15925.0	      2.01062e+6	
15975.0	      2.04500e+6	
16050.0	      1.97343e+6	
16150.0	      1.85605e+6	
16250.0	      1.94470e+6	
16350.0	      1.83868e+6	
16450.0	      1.72353e+6	
16550.0	      1.82848e+6	
16650.0	      1.79150e+6	
16750.0	      1.67846e+6	
16850.0	      1.57129e+6	
16950.0	      1.67488e+6	
17050.0	      1.64583e+6	
17150.0	      1.61030e+6	
17250.0	      1.56142e+6	
17350.0	      1.37765e+6	
17450.0	      1.47449e+6	
17550.0	      1.47560e+6	
17650.0	      1.44901e+6	
17750.0	      1.41993e+6	
17850.0	      1.39011e+6	
17950.0	      1.36040e+6	
18050.0	      1.32098e+6	
18150.0	      1.17837e+6	
18250.0	      1.23449e+6	
18350.0	      1.24905e+6	
18450.0	      1.22746e+6	
18550.0	      1.20069e+6	
18650.0	      1.16575e+6	
18750.0	      1.03769e+6	
18850.0	      1.11538e+6	
18950.0	      1.10836e+6	
19050.0	      1.09084e+6	
19150.0	      1.06951e+6	
19250.0	      1.04572e+6	
19350.0	      1.01220e+6	
19450.0	      9.02435e+5	
19550.0	      9.73687e+5	
19650.0	      9.68836e+5	
19750.0	      9.52648e+5	
19850.0	      9.35059e+5	
19950.0	      9.17599e+5	
20050.0	      9.00550e+5	
20150.0	      8.83893e+5	
20250.0	      8.67587e+5	
20350.0	      8.51659e+5	
20450.0	      8.36178e+5	
20550.0	      8.20997e+5	
20650.0	      8.06049e+5	
20750.0	      7.91587e+5	
20850.0	      7.77452e+5	
20950.0	      7.63550e+5	
21050.0	      7.49946e+5	
21150.0	      7.36368e+5	
21250.0	      7.23348e+5	
21350.0	      7.10745e+5	
21450.0	      6.96763e+5	
21550.0	      6.77219e+5	
21650.0	      6.08639e+5	
21750.0	      6.48544e+5	
21850.0	      6.49288e+5	
21950.0	      6.40603e+5	
22050.0	      6.29651e+5	
22150.0	      6.18835e+5	
22250.0	      6.08651e+5	
22350.0	      5.98434e+5	
22450.0	      5.88445e+5	
22550.0	      5.78560e+5	
22650.0	      5.69057e+5	
22750.0	      5.59662e+5	
22850.0	      5.50764e+5	
22950.0	      5.41803e+5	
23050.0	      5.33115e+5	
23150.0	      5.24538e+5	
23250.0	      5.16162e+5	
23350.0	      5.07923e+5	
23450.0	      4.99859e+5	
23550.0	      4.91953e+5	
23650.0	      4.84186e+5	
23750.0	      4.76565e+5	
23850.0	      4.69073e+5	
23950.0	      4.61722e+5	
24050.0	      4.54431e+5	
24150.0	      4.47284e+5	
24250.0	      4.40419e+5	
24350.0	      4.33482e+5	
24450.0	      4.26539e+5	
24550.0	      4.20321e+5	
24650.0	      4.13273e+5	
24750.0	      4.07019e+5	
24850.0	      4.01809e+5	
24950.0	      3.92440e+5	
25050.0	      3.90003e+5	
25150.0	      3.84256e+5	
25250.0	      3.72765e+5	
25350.0	      3.72315e+5	
25450.0	      3.68544e+5	
25550.0	      3.61004e+5	
25650.0	      3.47331e+5	
25750.0	      3.51201e+5	
25850.0	      3.47873e+5	
25950.0	      3.42462e+5	
26050.0	      3.32215e+5	
26150.0	      3.16155e+5	
26250.0	      2.98038e+5	
26350.0	      3.16941e+5	
26450.0	      3.18640e+5	
26550.0	      3.14680e+5	
26650.0	      3.06817e+5	
26750.0	      2.86464e+5	
26850.0	      2.98130e+5	
26950.0	      2.98027e+5	
27050.0	      2.94582e+5	
27150.0	      2.90704e+5	
27250.0	      2.86616e+5	
27350.0	      2.82207e+5	
27450.0	      2.75960e+5	
27550.0	      2.55997e+5	
27650.0	      2.61156e+5	
27750.0	      2.66028e+5	
27850.0	      2.63767e+5	
27950.0	      2.60696e+5	
28050.0	      2.57160e+5	
28150.0	      2.53677e+5	
28250.0	      2.50256e+5	
28350.0	      2.46890e+5	
28450.0	      2.43147e+5	
28550.0	      2.38803e+5	
28650.0	      2.29708e+5	
28750.0	      2.15005e+5	
28850.0	      2.27394e+5	
28950.0	      2.26937e+5	
29050.0	      2.24779e+5	
29150.0	      2.21865e+5	
29250.0	      2.19016e+5	
29350.0	      2.16179e+5	
29450.0	      2.13380e+5	
29550.0	      2.10627e+5	
29650.0	      2.07914e+5	
29750.0	      2.05246e+5	
29850.0	      2.02617e+5	
29950.0	      2.00032e+5	
30050.0	      1.97447e+5	
30150.0	      1.94361e+5	
30250.0	      1.90403e+5	
30350.0	      1.77212e+5	
30450.0	      1.78646e+5	
30550.0	      1.83775e+5	
30650.0	      1.82606e+5	
30750.0	      1.80763e+5	
30850.0	      1.78481e+5	
30950.0	      1.76322e+5	
31050.0	      1.74149e+5	
31150.0	      1.71996e+5	
31250.0	      1.69894e+5	
31350.0	      1.67830e+5	
31450.0	      1.65775e+5	
31550.0	      1.63791e+5	
31650.0	      1.61813e+5	
31750.0	      1.59846e+5	
31850.0	      1.57942e+5	
31950.0	      1.56047e+5	
32100.0	      1.53257e+5	
32300.0	      1.49643e+5	
32500.0	      1.46127e+5	
32700.0	      1.42259e+5	
32900.0	      1.31827e+5	
33100.0	      1.33419e+5	
33300.0	      1.32545e+5	
33500.0	      1.29698e+5	
33700.0	      1.26770e+5	
33900.0	      1.23964e+5	
34100.0	      1.21208e+5	
34300.0	      1.18534e+5	
34500.0	      1.15933e+5	
34700.0	      1.13386e+5	
34900.0	      1.10915e+5	
35100.0	      1.08505e+5	
35300.0	      1.06163e+5	
35500.0	      1.03873e+5	
35700.0	      1.01637e+5	
35900.0	      9.95047e+4	
36100.0	      9.73414e+4	
36300.0	      9.53541e+4	
36500.0	      9.32403e+4	
36700.0	      9.14379e+4	
36900.0	      8.92377e+4	
37100.0	      8.75061e+4	
37300.0	      8.35024e+4	
37500.0	      8.08567e+4	
37700.0	      8.22912e+4	
37900.0	      8.08426e+4	
38100.0	      7.87273e+4	
38300.0	      7.72316e+4	
38500.0	      7.61797e+4	
38700.0	      7.46900e+4	
38900.0	      7.29704e+4	
39100.0	      7.05699e+4	
39300.0	      7.02950e+4	
39500.0	      6.90779e+4	
39700.0	      6.77597e+4	
39900.0	      6.63723e+4	
40100.0	      6.42030e+4	
40300.0	      6.25862e+4	
40500.0	      5.97900e+4	
40700.0	      6.12029e+4	
40900.0	      6.03962e+4	
41100.0	      5.93997e+4	
41300.0	      5.82071e+4	
41500.0	      5.68251e+4	
41700.0	      5.39177e+4	
41900.0	      5.46809e+4	
42100.0	      5.40712e+4	
42300.0	      5.31379e+4	
42500.0	      5.21738e+4	
42700.0	      5.12297e+4	
42900.0	      5.03088e+4	
43100.0	      4.94070e+4	
43300.0	      4.85217e+4	
43500.0	      4.74494e+4	
43700.0	      4.49428e+4	
43900.0	      4.51694e+4	
44100.0	      4.50978e+4	
44300.0	      4.43996e+4	
44500.0	      4.36285e+4	
44700.0	      4.29375e+4	
44900.0	      4.21259e+4	
45100.0	      4.14049e+4	
45300.0	      4.06968e+4	
45500.0	      4.00049e+4	
45700.0	      3.93220e+4	
45900.0	      3.86438e+4	
46100.0	      3.79582e+4	
46300.0	      3.71407e+4	
46500.0	      3.48305e+4	
46700.0	      3.42858e+4	
46900.0	      3.51159e+4	
47100.0	      3.48928e+4	
47300.0	      3.43796e+4	
47500.0	      3.38334e+4	
47700.0	      3.32938e+4	
47900.0	      3.27601e+4	
48100.0	      3.22343e+4	
48300.0	      3.17192e+4	
48500.0	      3.12132e+4	
48700.0	      3.07173e+4	
48900.0	      3.02302e+4	
49100.0	      2.97533e+4	
49300.0	      2.92845e+4	
49500.0	      2.88285e+4	
49700.0	      2.83727e+4	
49900.0	      2.79369e+4	
50100.0	      2.74997e+4	
50300.0	      2.70655e+4	
50500.0	      2.66581e+4	
50700.0	      2.62386e+4	
50900.0	      2.57841e+4	
51100.0	      2.51874e+4	
51300.0	      2.38147e+4	
51500.0	      2.44980e+4	
51700.0	      2.42552e+4	
51900.0	      2.39484e+4	
52100.0	      2.36122e+4	
52300.0	      2.32611e+4	
52500.0	      2.28861e+4	
52700.0	      2.25241e+4	
52900.0	      2.22451e+4	
53100.0	      2.19335e+4	
53300.0	      2.16141e+4	
53500.0	      2.12883e+4	
53700.0	      2.09105e+4	
53900.0	      2.06117e+4	
54100.0	      2.03823e+4	
54300.0	      2.01303e+4	
54500.0	      1.98521e+4	
54700.0	      1.95700e+4	
54900.0	      1.92489e+4	
55100.0	      1.89121e+4	
55300.0	      1.85600e+4	
55500.0	      1.84277e+4	
55700.0	      1.82203e+4	
55900.0	      1.79756e+4	
56100.0	      1.77280e+4	
56300.0	      1.74822e+4	
56500.0	      1.72407e+4	
56700.0	      1.69857e+4	
56900.0	      1.66896e+4	
57100.0	      1.62678e+4	
57300.0	      1.62176e+4	
57500.0	      1.60731e+4	
57700.0	      1.58781e+4	
57900.0	      1.56641e+4	
58100.0	      1.54549e+4	
58300.0	      1.52349e+4	
58500.0	      1.50186e+4	
58700.0	      1.47961e+4	
58900.0	      1.44580e+4	
59100.0	      1.37002e+4	
59300.0	      1.40986e+4	
59500.0	      1.37561e+4	
59700.0	      1.37085e+4	
59900.0	      1.36685e+4	
60100.0	      1.35161e+4	
60300.0	      1.33479e+4	
60500.0	      1.31795e+4	
60700.0	      1.30110e+4	
60900.0	      1.28454e+4	
61100.0	      1.26818e+4	
61300.0	      1.25210e+4	
61500.0	      1.23630e+4	
61700.0	      1.22058e+4	
61900.0	      1.20513e+4	
62100.0	      1.18986e+4	
62300.0	      1.17456e+4	
62500.0	      1.15847e+4	
62700.0	      1.13720e+4	
62900.0	      1.09275e+4	
63100.0	      1.10580e+4	
63300.0	      1.10145e+4	
63500.0	      1.08976e+4	
63700.0	      1.07689e+4	
63900.0	      1.06416e+4	
64200.0	      1.04656e+4	
64600.0	      1.02137e+4	
65000.0	      9.96885e+3	
65400.0	      9.73192e+3	
65800.0	      9.50084e+3	
66200.0	      9.27720e+3	
66600.0	      9.05736e+3	
67000.0	      8.83291e+3	
67400.0	      8.57991e+3	
67800.0	      8.20772e+3	
68200.0	      8.22106e+3	
68600.0	      8.05821e+3	
69000.0	      7.88199e+3	
69400.0	      7.69345e+3	
69800.0	      7.53169e+3	
70200.0	      7.36545e+3	
70600.0	      7.19970e+3	
71000.0	      7.03007e+3	
71400.0	      6.88953e+3	
71800.0	      6.74005e+3	
72200.0	      6.59301e+3	
72600.0	      6.43394e+3	
73000.0	      6.30509e+3	
73400.0	      6.17971e+3	
73800.0	      6.04049e+3	
74200.0	      5.88843e+3	
74600.0	      5.59182e+3	
75000.0	      5.41320e+3	
75400.0	      5.50155e+3	
75800.0	      5.42675e+3	
76200.0	      5.32093e+3	
76600.0	      5.21696e+3	
77000.0	      5.11212e+3	
77400.0	      5.00045e+3	
77800.0	      4.87603e+3	
78200.0	      4.80205e+3	
78600.0	      4.72008e+3	
79000.0	      4.62664e+3	
79400.0	      4.53550e+3	
79800.0	      4.44661e+3	
80200.0	      4.35985e+3	
80600.0	      4.27522e+3	
81000.0	      4.18561e+3	
81400.0	      4.07220e+3	
81800.0	      4.00942e+3	
82200.0	      3.95318e+3	
82600.0	      3.88147e+3	
83000.0	      3.80826e+3	
83400.0	      3.73649e+3	
83800.0	      3.66664e+3	
84200.0	      3.59847e+3	
84600.0	      3.53197e+3	
85000.0	      3.46692e+3	
85400.0	      3.40324e+3	
85800.0	      3.34086e+3	
86200.0	      3.26924e+3	
86600.0	      3.16413e+3	
87000.0	      3.14419e+3	
87400.0	      3.04175e+3	
87800.0	      2.98796e+3	
88200.0	      2.99021e+3	
88600.0	      2.94336e+3	
89000.0	      2.89147e+3	
89400.0	      2.84076e+3	
89800.0	      2.79112e+3	
90200.0	      2.74253e+3	
90600.0	      2.69501e+3	
91000.0	      2.64853e+3	
91400.0	      2.60303e+3	
91800.0	      2.55854e+3	
92200.0	      2.51493e+3	
92600.0	      2.46681e+3	
93000.0	      2.42642e+3	
93400.0	      2.38120e+3	
93800.0	      2.29662e+3	
94200.0	      2.28832e+3	
94600.0	      2.26632e+3	
95000.0	      2.22966e+3	
95400.0	      2.19349e+3	
95800.0	      2.16167e+3	
96200.0	      2.12634e+3	
96600.0	      2.09177e+3	
97000.0	      2.05786e+3	
97400.0	      2.02463e+3	
97800.0	      1.99208e+3	
98200.0	      1.95729e+3	
98600.0	      1.92350e+3	
99000.0	      1.89826e+3	
99400.0	      1.86822e+3	
99800.0	      1.83878e+3	
100200.0	      1.80991e+3	
200000.0	      1.15920e+2	
400000.0	      7.21487e+0	
600000.0	      1.41389e+0	
800000.0	      4.44095e-1	
1000000.0	      1.80733e-1	
1200000.0	      8.66688e-2	
1400000.0	      4.65494e-2	
1600000.0	      2.71643e-2